"Cg"||"C"|||122|140|145|200|203|203|58|63|81|0|0|0|0|0|0|100|100|100|100|100|100|96|100|100|64|71|74|52.2|58.2|67.7|0|0|0|0|0.1|0.1|0.3|0.4|0.8|5|5.9|22|41.5|51.8|52|25|34.6|35|21.1|28.1|28.1|4.4|6.5|8.6|6.8|7.2|14|0|0|0|0|0.05|0.1||||1.44|1.51|1.58||||1.46|1.53|1.6||14|28|42|0.13|0.14|0.15||||14|14.4|19.5|4.7|5.1|9.9|38|41|43|0.4|0.5|1.1|18|18|24|3|3|9|0|0|5|".64"|".64"|0|0|0|0|0|0|0|0|0|0|0|0|3.5|3.7|7.3||||2|4|7.3|4.5|7|7.3||||||||||0|0|7.9|||||||||||||||||||||"22703657"|"67121967"
"BCg"||"BC"|||120|120|122|122|140|145|18|20|25|0|0|0|0|0|0|100|100|100|100|100|100|94|98|100|78|84|91|28|29.5|34|0|0|0|0.1|1|1|0.2|2.9|3|2|2|4.1|20|23.6|29|51|61.3|67|36|47.6|50|13|13.7|17|5|9.2|20|0|0|0|0|0.07|0.1||||1.51|1.54|1.56||||1.54|1.57|1.62||4|9|14|0.21|0.24|0.26||||17|21.2|27.9|3.1|5.8|12.5|39|40|41|0.3|0.6|1.7|16|20|30|2|5|13|0|1|11|".64"|".64"|0|0|0|0|0|0|0|0|0|0|0|0|2.6|4.8|10.4||||0.7|4.6|10.4|4.5|6.7|7||||||||||0|1|8.6|||||||||||||||||||||"22703657"|"67121966"
"Btg1"||"B"||1|18|18|18|38|38|48|20|20|30|0|0|0|0|0|0|100|100|100|100|100|100|95|99|100|89|94|98|5|7.2|10|0|0.4|0.5|0|0.6|1|0|1|2|2|2.3|5|2|2.9|5|56|65.8|68|25|32.9|35|25|32.9|35|22|27|34|0|0|0|0|0.3|0.5||||1.42|1.44|1.47||||1.51|1.53|1.61||4|9|14|0.19|0.21|0.23||||28|30.4|33|12.7|15.9|20.2|42|43|44|1.4|2|3.8|31|37|44|15|19|24|8|14|24|".49"|".49"|0|0|0|0|0|0|0|0|0|0|0|0||||7.2|9.6|17.5|4|8.7|16.9|4.5|5.3|6||||||||||2.1|6.6|11.9|||||||||||||||||||||"22703657"|"67121964"
"Btg3"||"B"||3|76|76|81|120|120|122|39|44|46|0|0|0|0|0|0|100|100|100|100|100|100|92|100|100|71|83|96|30|34.1|35|0|0.1|0.2|0|0.1|1|0|0.2|2|2|4.1|5|5|29.6|50|50|51.6|65|30|37.4|45|5|14.2|20|5|14.3|20|0|0|0|0|0.08|0.1||||1.53|1.58|1.64||||1.58|1.63|1.66||4|9|14|0.21|0.25|0.28||||17.2|25|28.1|3.2|9.2|12.8|36|38|40|0.3|1.1|1.7|16|25|30|2|9|13|0|5|11|".55"|".55"|0|0|0|0|0|0|0|0|0|0|0|0|2.6|7.4|10.4||||0.7|6.2|10.4|4.5|6.1|7||||||||||0|3.3|8.6|||||||||||||||||||||"22703657"|"67121965"
"Btg2"||"B"||2|38|38|48|76|76|81|28|38|43|0|0|0|0|0|0|100|100|100|100|100|100|92|100|100|72|84|97|30|32.1|35|0|0|0.1|0|0.1|1|0|0.2|2|2|2.8|5|5|29|50|50|53.3|65|30|36.3|45|5|17|20|5|14.6|20|0|0|0|0|0.2|0.5||||1.53|1.58|1.64||||1.58|1.63|1.66||4|9|14|0.21|0.25|0.28||||17.2|25.3|28.6|3.2|9.5|13.4|36|38|40|0.3|1.1|1.8|16|25|31|2|9|13|0|5|11|".55"|".55"|0|0|0|0|0|0|0|0|0|0|0|0|3|8|11||||0.8|5.8|9.7|4.5|5.5|6||||||||||2.6|5.2|8.9|||||||||||||||||||||"22703657"|"67121968"
"Ap"||"A"|||0|0|0|18|18|18|18|18|18|0|0|0|0|0|0|100|100|100|100|100|100|95|99|100|89|94|100|5|7.8|10|0|0.4|0.5|0|0.6|1|0|1.1|2|2|2.5|5|2|3.2|5|50|62.2|68|25|31.1|35|25|31.1|35|27|30|40|0|0|0|0.5|1|1.5||||1.33|1.42|1.5||||1.43|1.52|1.6||4|9|14|0.17|0.19|0.21||||30.4|31.9|35.4|16|18.3|24.5|41|43|47|1.8|2.3|4|37|41|51|18|21|28|12|18|31|".37"|".37"|0|0|0|0|0|0|0|0|0|0|0|0||||8|9.5|14.3|4.5|8.1|11.8|4.5|5.3|6||||||||||3.7|8.2|14.4|||||||||||||||||||||"22703657"|"67121963"
"2B'w2"|2|"B"|"'"|2|143|143|143|178|178|178||35||0|0|0|0|0|0|100|100|100|100|100|100|95|100|100|81|86|100|20|29.5|65|0|0|0|0|0.1|0.1|0.3|0.4|0.9|1.6|2.3|5.1|18.1|26.7|58.8|0|51|62|0|33|45|0|18|20|15|19.5|35|0|0|0|0.1|0.15|0.2||||1.35|1.35|1.56||||1.43|1.44|1.6||4|9|14|0.19|0.21|0.23||||24.1|26.4|32.4|8.2|10.7|19.1|39|47|47|1.3|2|5.8|25|30|45|9|13|25|0|10|18|".55"|".55"|0|0|0|0|0|0|0|0|0|0|0|0|12|15.2|25.4||||8.6|14.7|25|5.1|6.3|7|4.5|5.3|6|||||||1.6|4.3|9.9|||||||||||||||||||||"22703658"|"67121973"
"2B''g2"|2|"B"|"''"|2|192|192|192|218|218|218||26||0|0|0|0|0|0|100|100|100|100|100|100|94|100|100|88|94|100|10|12|65|0.1|0.1|0.5|0.1|0.1|0.1|0.1|0.2|1.1|0.8|1|5.4|8.8|10.6|57.4|0|63.8|72|0|39|45|0|24.8|30|18|24.2|35|0|0|0|0.1|0.17|0.2||||1.34|1.34|1.56||||1.46|1.46|1.59||4|9|14|0.18|0.2|0.21||||25.6|28.4|32.3|9.8|13.2|19|39|47|47|1.8|2.8|5.8|28|34|45|12|17|25|0|15|18|".55"|".55"|0|0|0|0|0|0|0|0|0|0|0|0|14|18.4|25.4||||9.5|17.3|25|5.1|6.4|7|4.5|5.5|6|||||||2|4.7|9.9|||||||||||||||||||||"22703658"|"67121975"
"2B'w1"|2|"B"|"'"|1|107|107|107|143|143|143||36||0|0|0|0|0|0|100|100|100|100|100|100|99|100|100|70|71|90|20|54.9|65|0|0|0|0|0|0|0.4|0.4|0.6|8.1|8.6|12.5|43.5|45.9|66.9|0|28.9|62|0|18.8|20|0|10.1|20|15|16.2|35|0|0|0|0.1|0.15|0.2||||1.4|1.4|1.57||||1.46|1.47|1.66||14|28|42|0.12|0.13|0.14||||19.4|20.2|28.5|9.8|10.6|22.8|39|45|45|1.3|1.5|5.8|25|27|45|9|11|25|0|5|11|".55"|".55"|0|0|0|0|0|0|0|0|0|0|0|0|12|13|25.4||||8.6|12|25|5.1|6|7|4.5|5.1|6|||||||1.6|4.7|9.9|||||||||||||||||||||"22703658"|"67121971"
"2BCg"|2|"BC"|||218|218|218|225|225|225||7||0|0|0|0|0|0|100|100|100|100|100|100|78|100|100|76|98|98|0|2.6|65|0|0.1|2.5|0|0.1|0.1|0|0.2|5|0|1|25|0|1.2|30|0|57.7|82|0|22.9|45|0|34.8|45|18|39.7|40|0|0|0|0.1|0.22|0.25||||1.47|1.5|1.56||||1.72|1.72|1.84||1|2.7|4|0.15|0.17|0.19||||26.6|35.2|35.3|10.9|24.1|24.3|39|41|42|1.8|6.9|7|28|50|51|12|28|29|10|29|32|".37"|".37"|0|0|0|0|0|0|0|0|0|0|0|0|14|28.4|28.7||||8.8|27.3|28.3|5.1|6.4|7|4.5|5.6|6|||||||2|6.8|10.7|||||||||||||||||||||"22703658"|"67121976"
"2B''g1"|2|"B"|"''"|1|178|178|178|192|192|192||14||0|0|0|0|0|0|100|100|100|100|100|100|90|100|100|83|93|100|10|13.5|65|0.1|0.1|0.5|0.1|0.1|0.1|0.1|0.2|1|0.7|1|4.8|9|12.1|58.3|0|58.3|72|0|30.6|45|0|27.7|30|18|28.2|35|0|0|0|0.1|0.17|0.2||||1.35|1.35|1.56||||1.5|1.51|1.6||4|9|14|0.18|0.2|0.21||||25.6|30|32.4|9.8|15.4|19.1|39|46|46|1.8|3.5|5.8|28|38|45|12|20|25|10|18|30|".49"|".49"|0|0|0|0|0|0|0|0|0|0|0|0|14|21|25.4||||9.5|20.4|25|5.1|6.1|7|4.5|5.5|6|||||||2|6.1|9.9|||||||||||||||||||||"22703658"|"67121974"
"2B'g"|2|"B"|"'"||85|85|85|107|107|107||22||0|0|0|0|0|0|100|100|100|100|100|100|97|100|100|65|67|82|20|58.8|65|0|0.1|0.1|0|0.1|0.2|0|0.5|0.5|0|12.9|15|0|45.2|50|0|21|62|0|14|45|0|7|20|18|20.2|35|0|0|0|0.1|0.2|0.5||||1.38|1.38|1.57||||1.46|1.46|1.64||4|9|14|0.12|0.13|0.14||||20.1|21.3|27.4|10.6|12|20.9|39|45|45|1.8|2.1|5.9|28|31|46|12|14|25|6|7|25|".49"|".49"|0|0|0|0|0|0|0|0|0|0|0|0|14|15.8|26.2||||8.9|14.8|25.4|5.1|5.7|6|4.5|4.8|6|||||||4.9|6.2|10.3||0.3|||||||||||||||||||"22703658"|"67121970"
"2Bg"|2|"B"|||49|49|49|75|75|75||26||0|0|0|0|0|0|100|100|100|100|100|100|86|100|100|81|95|98|0|9.7|60|0|0|0|0|0|0|0|0.1|0.6|0|1.2|7.4|0|8.4|52|5|58.1|82|0|34.1|45|0|24|30|18|32.2|35|0|0|0|0.25|0.26|0.5||||1.38|1.38|1.57||||1.57|1.71|1.71||4|9|14|0.17|0.19|0.2||||26|31.8|32.9|10.3|18.1|19.9|39|45|45|1.8|4.4|5.9|29|42|46|12|22|25|10|22|30|".43"|".43"|0|0|0|0|0|0|0|0|0|0|0|0|14|24|26||||9.2|21.5|25.2|5.1|5.5|6|4.5|4.7|6|||||||5|8.5|10.3||0.6|||||||||||||||||||"22703658"|"67121979"
"Btg1"||"B"||1|10|10|18|28|28|28||18||0|0|0|0|0|0|100|100|100|100|100|100|75|100|100|71|96|100|0|6.9|45|0|0|0.1|0|0|0.2|0|0.1|0.5|0|0.9|2|0|5.9|10|0|32.9|65|0|8.7|15|0|24.2|30|35|60.2|80|0|0|0|0.5|0.8|1||||1.17|1.32|1.52||||1.71|1.81|1.88||0.01|0.21|0.42|0.11|0.13|0.14||||28.9|42.4|45.4|19.1|32.6|43.2|40|47|53|5.9|12.6|19|46|72|93|25|44|60|22|49|72|".24"|".24"|0|0|0|0|0|0|0|0|0|0|0|0|26|42|55||||11.1|35.9|52.8|4.5|5.5|6|4.5|4.7|6|||||||7.6|12.6|18.3||0.8|||||||||||||||||||"22703658"|"67121978"
"2Bw"|2|"B"|||75|75|75|85|85|85||10||0|0|0|0|0|0|100|100|100|100|100|100|96|100|100|72|76|89|20|45.9|60|0|0|0|0|0.1|0.1|0.1|0.2|0.3|3.6|7.1|9.3|16.8|38.5|50.3|5|32.6|59|0|22.6|45|0|10|30|18|21.5|35|0|0|0|0.1|0.2|0.5||||1.41|1.41|1.54||||1.51|1.54|1.67||4|9|14|0.2|0.22|0.24||||26|27.8|33.1|10.3|12.4|20.3|40|44|44|1.8|2.3|5.9|28|32|46|12|15|25|0|9|18|".49"|".49"|0|0|0|0|0|0|0|0|0|0|0|0|14|16.7|26.2||||8.9|15.7|25.4|5.1|5.7|6|4.5|4.8|6|||||||4.9|6.4|10.3||0.4|||||||||||||||||||"22703658"|"67121972"
"Ap"||"A"|||0|0|0|10|10|18||10||0|0|0|0|0|0|100|100|100|100|100|100|76|100|100|71|96|96|5|8.4|20|0|0|0|0|0|0|0|0.1|0.2|0|1.2|2.9|0|7.1|16.9|20|32.3|38|0|9.1|10|20|23.2|28|50|59.3|60|0|0|0|0.5|1.77|4||||1.22|1.37|1.43||||1.76|1.87|1.96||0.01|0.21|0.42|0.09|0.1|0.11||||39.6|41.2|41.3|27.3|33.6|36.3|43|45|50|7.6|11.8|12.6|60|73|78|36|42|44|22|49|73|".24"|".24"|0|0|0|0|0|0|0|0|0|0|0.1|2||||17.6|34.2|38.8|9.7|18|18.2|4.5|5.3|6|4.5|5.3|6|||||||8|14.7|21.6|||||||||||||||||||||"22703658"|"67121977"
"Btg2"||"B"||2|28|28|28|49|49|49||21||0|0|0|0|0|0|100|100|100|100|100|100|81|100|100|79|98|100|0|4.1|45|0|0|0.1|0|0|0.2|0|0.1|0.5|0|0.6|2|0|3.4|10|0|41.6|65|0|14.3|25|0|27.3|45|35|54.3|80|0|0|0|0.25|0.41|0.5||||1.18|1.29|1.55||||1.63|1.81|1.85||0.01|0.21|0.42|0.06|0.07|0.08||||28.6|34.2|40|18.6|28.9|36|39|48|52|5.7|10.5|17.9|45|65|92|25|40|60|19|50|72|".28"|".28"|0|0|0|0|0|0|0|0|0|0|0|0||||17.6|31.4|51.3|9.2|30|41.7|4.5|5.3|6|4.5|4.6|6|||||||4.9|11.9|20.6||1.3|||||||||||||||||||"22703658"|"67121969"
"Bg"||"B"|||10|10|10|36|36|36|26|26|26|0|0|0|0|0|0|100|100|100|100|100|100|92|100|100|86|99|100|1.5|1.8|15|0|0.1|0.2|0|0.1|0.2|0|0.2|0.3|0|0.6|0.8|0|0.8|2.7|5|25.7|43|||||||55|72.5|80|0|0|0|0|0.25|0.5||||1.22|1.32|1.42||||1.88|1.89|1.99||0.01|0.215|0.42|0.07|0.08|0.09||||41.5|44.3|45.4|29.1|38.6|42.7|44|48|51|10|14.7|17.2|65|83|91|40|54|60|44|63|77|".20"|".20"|0|0|0|0|0|0|0|0|0|0|0|0||||27.3|39.3|47.2|25.5|38.2|39|4.5|5|5.5||||||||||7.9|12.5|15.5|||||||||||||||||||"High"|"Wet"|"22703659"|"67121982"
"Ap"||"A"|||0|0|0|10|10|10|10|10|10|0|0|0|0|0|0|100|100|100|100|100|100|89|97|100|73|83|91|15|22|24|0|0.7|2.1|0.1|1.7|2.4|0.1|2.8|4.3|0.2|7.7|12.9|0|9.1|10.8|16|28|40|||||||40|50|60|0|0|0|1|2|3||||1.23|1.29|1.35||||1.66|1.72|1.87||0.01|0.215|0.4242|0.11|0.17|0.19||||30.7|41.2|43|22|28.3|34.4|45|48|50|7.3|10.1|13.1|52|64|77|29|36|44|20|33|47|".20"|".20"|0|0|0|0|0|0|0|0|0|0|0|0|30.1|37.3|44.2||||26.7|35.5|42.5|4.5|5.7|6||||||||||7.9|9.8|15|||||||||||||||||||"High"|"Moist"|"22703659"|"67121980"
"Bssg"||"B"|||36|36|36|124|124|124|88|88|88|0|0|0|0|0|0|100|100|100|100|100|100|92|100|100|86|99|100|1.5|1.8|15|0|0.1|0.2|0|0.1|0.2|0|0.2|0.3|0|0.6|0.8|0|0.8|2.7|5|25.7|43|||||||55|72.5|80|0|0|0|0|0.25|0.5||||1.22|1.32|1.42||||1.88|1.89|1.99||0.01|0.215|0.42|0.07|0.08|0.09||||41.5|44.3|45.4|29.1|38.6|42.7|44|48|51|10|14.7|17.2|65|83|91|40|54|60|44|63|77|".20"|".20"|0|0|0|0|0|0|0|0|0|0|0|0||||27.3|39.3|47.2|25.5|38.2|39|4.5|5|5.5||||||||||7.9|12.5|15.5|||||||||||||||||||"High"|"Wet"|"22703659"|"67121983"
"Cg"||"C"|||124|124|124|152|152|152|28|28|28|0|0|0|0|0|0|100|100|100|100|100|100|86|98|100|72|91|100|10|12|20|0|0.4|0.5|0.1|1|1.1|0.1|1.5|1.8|0.2|4.2|7.2|0.1|4.9|7.9|0|28|55|||||||35|60|85|0|0|0|0|0.25|0.5||||1.09|1.26|1.43||||1.61|1.78|1.85||0.01|0.215|0.42|0.11|0.15|0.17||||28.4|43.6|47.4|18.2|31.4|44.5|44|50|56|5.4|12.3|20.2|45|71|97|25|44|64|16|45|77|".24"|".24"|0|0|0|0|0|0|0|0|0|0|0|0|23.5|40.8|56.3||||23.5|40.7|56.2|6.1|6.7|7.3||||||||||2.4|5.7|8.9|||||||||||||||||||"High"|"Wet"|"22703659"|"67121981"
"Btg"||"B"|||10|10|18|79|99|99|61|89|89|0|0|0|0|0|0|100|100|100|100|100|100|94|100|100|88|97|100|5|5.5|10|0|0|0.5|0|0|0.5|0.1|0.3|0.8|0.5|0.7|5|4|4.5|8|32|47|60|||||||35|47.5|60|0|0|0|0|0.25|0.5||||1.31|1.4|1.49||||1.65|1.74|1.81||0.42|0.915|1.41|0.15|0.17|0.19||||28.8|32.8|36.1|18.9|25.9|32.9|41|45|48|5.4|8.9|12.5|45|58|71|25|34|44|23|38|52|".32"|".32"|0|0|0|0|0|0|0|0|0|0|1|2|23.5|33.3|41.7||||13.1|31.2|39.6|4.5|5.8|6.5||||||||||5.3|9.6|15.2|||||||||||||||||||"High"|"Wet"|"22703714"|"67122049"
"BCg"||"BC"|||79|99|99|152|165|203|53|66|86|0|0|0|0|0|0|100|100|100|100|100|100|94|99|100|80|87|96|15|22.4|25|0|0.5|0.7|0|0.8|1.5|0.1|0.6|0.8|2.5|3.2|5|10|17.3|20|53|55.1|71.1|||||||10|22.5|29|0|0|0|0|0.25|0.5||||1.45|1.5|1.55||||1.66|1.71|1.78||4.23|9.17|14.11|0.15|0.17|0.19||||21.5|28.9|31.8|6|13.8|18.1|39|41|43|0.4|2.8|4.1|21|33|40|6|15|20|2|12|20|".49"|".49"|0|0|0|0|0|0|0|0|0|0|1|2|8|17.5|22.3||||7|16.6|22.3|5.6|6.3|7.3||||||||||0|4.8|8|||||||||||||||||||"Moderate"|"Very moist"|"22703714"|"67122050"
"Ap"||"A"|||0|0|0|10|10|18|10|10|18|0|0|0|0|0|0|100|100|100|100|100|100|96|100|100|84|90|96|15|18|20|0|0.1|0.5|0|0.3|0.5|0.1|0.3|0.8|2|2.4|7|10|14.9|18|42|50.5|58|||||||27|31.5|38|0|0|0|1|2.5|4||||1.27|1.35|1.43||||1.56|1.6|1.66||1.41|2.82|4.23|0.18|0.2|0.22||||30.3|32.9|35.7|15.8|20|25.1|42|45|48|3.5|4.4|7|39|46|57|19|22|27|16|22|31|".43"|".43"|0|0|0|0|0|0|0|0|0|0|1|2|21.5|25.2|30.1||||8.9|21.6|28|4.5|5.8|6||||||||||7|9.3|15.1|||||||||||||||||||"Moderate"|"Moderately moist"|"22703714"|"67122048"
"Bssg1"||"B"||1|4|25|30|40|76|90|10|51|86|0|0|0|0|0|0|100|100|100|100|100|100|93|100|100|88|100|100|0.5|0.8|6|0|0|0.1|0|0|0.2|0|0|0.2|0|0.2|2.5|0.3|0.6|3|5.4|23.1|38|||||||60|76.1|90|0|0|0|0|0.25|0.5||||1.21|1.29|1.37||||1.82|1.92|1.99|2.53|0.01|0.21|0.42|0.07|0.07|0.14||||43|45.5|47.4|31.4|40.1|42.6|44|47|50|12.1|17|20.8|70|87|102|44|57|68|43|68|82|".17"|".17"|0|1|5|0|0|0|0|0|0|0|1|2|37.3|50|59.1||||34|51.5|98.1|5.6|7|8.4|3.5|5.1|5.5|||||||0|5.2|10.8|||||||||||||||||||||"22703715"|"67122052"
"Bssg2"||"B"||2|40|76|90|100|104|180|10|28|140|0|0|0|0|0|0|100|100|100|100|100|100|93|100|100|88|100|100|0.3|0.6|6|0|0|0|0|0.1|0.2|0|0.2|0.2|0|0.1|2.3|0.1|0.2|2.6|4.7|22.5|38.7|||||||60|76.9|90|0|0|0|0|0.25|0.5||||1.19|1.28|1.37||||1.82|1.91|1.97|2.53|0.42|0.92|1.41|0.07|0.07|0.19||||43.2|45.8|47.6|31.3|40.4|47.4|44|47|50|12.1|17.2|20.8|70|88|102|44|58|68|43|69|82|".15"|".15"|0|1|5|0|0|0|0|0|0|0|3.1|4|37.3|50.5|59.1||||35.2|97.9|106.5|6.6|8.4|8.4|5.1|6.5|7.3|||||||0|0.3|7.3|||||||||||||||||||||"22703715"|"67122053"
"Bssg3"||"B"||3|100|104|180|190|213|230|10|109|130|0|0|0|0|0|0|100|100|100|100|100|100|93|100|100|88|99|100|0.5|0.8|10|0|0|0|0|0.1|0.2|0|0.2|0.2|0|0.2|3.3|0.2|0.3|3|4|23.7|38.5|||||||60|75.5|90|0|0|0|0|0.25|0.5||||1.22|1.3|1.37||||1.83|1.93|1.99|2.53|0.42|0.92|1.41|0.06|0.06|0.18||||42.8|45.2|47.1|31.5|39.9|42.4|44|46|49|12.1|16.8|20.8|70|87|102|44|57|68|43|67|82|".15"|".15"|0|1|5|0|0|0|0|0|0|0|1.2|2|37.3|49.7|59.1||||35.2|88.7|98.1|6.6|7.3|8.4|6.6|7.3|7.8|||||||0|4.1|7.3|||||||||||||||||||||"22703715"|"67122054"
"A"||"A"|||0|0|0|4|25|30|4|25|30|0|0|0|0|0|0|100|100|100|100|100|100|93|100|100|83|99|100|0.5|1.4|30|0|0|0.1|0|0.2|0.4|0|0.4|0.5|0|0.3|0.9|0.3|0.5|1|0|14.3|40|||||||50|84.3|85|0|0|0|0.5|2|4||||1.2|1.3|1.37||||1.64|1.96|1.99|2.49|0.01|0.21|0.42|0.07|0.07|0.14||||41.2|43.7|46.7|26.7|39.3|42|43|46|49|10.2|19.8|20.2|62|100|104|37|61|63|33|75|79|".10"|".10"|0|0|0|0|0|0|0|0|0|0|0.7|2|35.6|58.7|60.3||||29.3|56.2|68.3|5.1|6.8|8.4|3.5|4.8|5|||||||0|7.2|14.3|||||||||||||||||||||"22703715"|"67122051"
"BCg"||"BC"|||70|79|79|152|200|203|121|121|133|0|0|0|0|0|0|100|100|100|100|100|100|88|97|100|76|91|100|2|10.4|12.5|0|0.9|1|0|1.3|1.5|0|1.7|2|1|3.2|4|1|3.3|4|5|24.6|58|||||||35|65|92|0|0|0|0|0.25|0.5||||1.15|1.32|1.49||||1.79|1.96|1.96|2.55|0.01|0.71|1.41|0.1|0.11|0.19||||28.6|43.2|46.9|18.5|34.6|42.2|39|46|52|5.6|14|21.3|45|76|104|25|48|69|18|50|84|".17"|".17"|0|1|2|0|0|0|0|0|0|0|1|2|23.5|43.7|60.2||||7.9|45.2|99.2|6.6|7.5|8.4||||||||||0.9|15.5|28.3|||||||||||||||||||||"22703716"|"67122056"
"A"||"A"|||0|0|0|8|10|25|8|10|25|0|0|0|0|0|0|100|100|100|100|100|100|90|100|100|82|98|100|0.5|1.8|8|0|0.2|0.2|0|0.2|0.2|0|0.3|0.6|0.3|0.6|3|0.2|0.5|4|5|30.7|40|||||||57|67.5|93|0|0|0|2|3|15||||0.69|1.14|1.18||||1.23|1.68|1.79|2.51|0.01|0.21|0.42|0.14|0.15|0.22||||45.4|47.2|51|30|35.9|45.9|50|51|68|11.5|13.9|21.3|71|83|130|42|47|66|38|57|90|".20"|".20"|0|0|0|0|0|0|0|0|0|0|1|2||||31.7|38.7|71.3|2.4|21.7|50.7|5.1|5.3|7.3||||||||||21.8|31.5|69.2|||||||||||||||||||||"22703716"|"67122055"
"Bg1"||"B"||1|8|10|25|35|46|76|10|36|68|0|0|0|0|0|0|100|100|100|100|100|100|93|100|100|88|98|100|0.5|1.8|6|0|0.2|0.2|0|0.2|0.2|0|0.3|0.6|0.3|0.6|2|0.2|0.5|3|4|30.7|40|||||||57|67.5|94|0|0|0|1|2|3||||1.05|1.18|1.3||||1.68|1.81|1.84|2.52|0.01|0.21|0.42|0.14|0.14|0.21||||44.7|46.5|50.3|29.6|35.7|49.5|46|50|55|12.2|15.3|22.5|70|82|111|42|50|70|42|59|87|".20"|".20"|0|0|0|0|0|0|0|0|0|0|1|2|40.8|48.3|65.1||||8.7|31.9|57.4|5.6|6.5|7.3||||||||||15.4|23.5|36.8|||||||||||||||||||||"22703716"|"67122057"
"Bg2"||"B"||2|35|46|76|70|79|79|6|33|44|0|0|0|0|0|0|100|100|100|100|100|100|94|100|100|89|99|100|0.5|1.8|6|0|0.2|0.2|0|0.2|0.2|0|0.3|0.6|0.3|0.5|2|0.2|0.6|3|3|20.7|39|||||||57|77.5|95|0|0|0|0.5|0.75|1||||1.17|1.26|1.35||||1.8|1.92|1.96|2.52|0.01|0.21|0.42|0.15|0.17|0.19||||43.1|46.4|48.7|30.1|40.9|43.8|44|48|51|12.1|17.7|22.4|69|90|108|42|58|72|42|69|88|".17"|".17"|0|0|0|0|0|0|0|0|0|0|1|2|39.9|52.7|63.4||||15.3|44.9|71.4|6.1|7.3|8.4||||||||||9.2|21.2|32.6|||||||||||||||||||||"22703716"|"67122058"
"Bg"||"B"|||10|10|10|36|36|36|26|26|26|0|0|0|0|0|0|100|100|100|100|100|100|92|100|100|86|99|100|1.5|1.8|15|0|0.1|0.2|0|0.1|0.2|0|0.2|0.3|0|0.6|0.8|0|0.8|2.7|5|25.7|43|||||||55|72.5|80|0|0|0|0|0.25|0.5||||1.22|1.32|1.42||||1.88|1.89|1.99||0.01|0.215|0.42|0.09|0.09|0.14||||41.5|44.3|45.4|29.1|38.6|42.7|44|48|51|10|14.7|17.2|65|83|91|40|54|60|38|64|72|".20"|".20"|0|0|0|0|0|0|0|0|0|0|1|2||||27.3|39.3|47.2|25.5|38.2|39|4.5|5|5.5||||||||||7.9|12.5|15.5|||||||||||||||||||"High"|"Wet"|"22703717"|"67122061"
"Ap"||"A"|||0|0|0|10|10|10|10|10|10|0|0|0|0|0|0|100|100|100|100|100|100|89|97|100|73|83|91|15|22|24|0|0.7|2.1|0.1|1.7|2.4|0.1|2.8|4.3|0.2|7.7|12.9|0|9.1|10.8|16|28|40|||||||40|50|60|0|0|0|1|2|3||||1.23|1.29|1.35||||1.66|1.72|1.87||0.01|0.215|0.4242|0.11|0.12|0.14||||30.7|41.2|43|22|28.3|34.4|45|48|50|7.3|10.1|13.1|52|64|77|29|36|44|21|33|47|".20"|".20"|0|0|0|0|0|0|0|0|0|0|1|2|30.1|37.3|44.2||||26.7|35.5|42.5|4.5|5.7|6||||||||||7.9|9.8|15|||||||||||||||||||"High"|"Moist"|"22703717"|"67122060"
"Bssg"||"B"|||36|36|36|124|124|124|88|88|88|0|0|0|0|0|0|100|100|100|100|100|100|92|100|100|86|99|100|1.5|1.8|15|0|0.1|0.2|0|0.1|0.2|0|0.2|0.3|0|0.6|0.8|0|0.8|2.7|5|25.7|43|||||||55|72.5|80|0|0|0|0|0.25|0.5||||1.22|1.32|1.42||||1.88|1.89|1.99||0.01|0.215|0.42|0.09|0.09|0.14||||41.5|44.3|45.4|29.1|38.6|42.7|44|48|51|10|14.7|17.2|65|83|91|40|54|60|38|64|72|".20"|".20"|0|0|0|0|0|0|0|0|0|0|1|2||||27.3|39.3|47.2|25.5|38.2|39|4.5|5|5.5||||||||||7.9|12.5|15.5|||||||||||||||||||"High"|"Wet"|"22703717"|"67122062"
"Cg"||"C"|||124|124|124|152|152|152|28|28|28|0|0|0|0|0|0|100|100|100|100|100|100|86|98|100|72|91|100|10|12|20|0|0.4|0.5|0.1|1|1.1|0.1|1.5|1.8|0.2|4.2|7.2|0.1|4.9|7.9|0|28|55|||||||35|60|85|0|0|0|0|0.25|0.5||||1.09|1.26|1.43||||1.61|1.78|1.85||0.01|0.215|0.42|0.1|0.12|0.14||||28.4|43.6|47.4|18.2|31.4|44.5|44|50|56|5.4|12.3|20.2|45|71|97|25|44|64|17|46|77|".24"|".24"|0|0|0|0|0|0|0|0|0|0|1|2|23.5|40.8|56.3||||23.5|40.7|56.2|6.1|6.7|7.3||||||||||2.4|5.7|8.9|||||||||||||||||||"High"|"Wet"|"22703717"|"67122059"
"H2"||"H"||2||10|||48|||||0|0|0|0|0|0|100|100|100|85|92.5|100|80|88|96|45|60|75||56.5|||1.3|||8.3|||15|||20.5|||11.4|||18||||||||18|25.5|33||||0|0.25|0.5||||1.4|1.48|1.55|||||1.55|||4.23|9.17|14.11|0.15|0.16|0.17|||||23.3|||15.5|||40||0|1.5|2.9|27|34|42|12|17|23|1|7|16|".24"|".24"|0|0|0|0|0|0|0|0|0|0|0|0|||||2.7||2|5|9|4.5|5|5.5|||||||||||||||||||||||||||||||||"22703575"|"67121855"
"H1"||"H"||1||0|||10|||||0|0|0|0|0|0|100|100|100|85|92.5|100|60|77.5|95|28|38.5|49||69.7|||0.3|||4.8|||15.5|||30.3|||18.8|||21.8||||||||2|8.5|15||||0.5|1.25|2||||1.4|1.45|1.5|||||1.52|||14.11|28.23|42.34|0.14|0.15|0.16|||||16.3|||7|||41||0|1.5|2.9|0|23|31|0|5|10|0|0|2|".28"|".28"|0|0|0|0|0|0|0|0|0|0|0|0|||||1.2||2|5|9|4.5|5|5.5|||||||||||||||||||||||||||||||||"22703575"|"67121854"
"H3"||"H"||3||48|||152|||||0|0|0|0|0|0|100|100|100|85|92.5|100|65|80|95|36|53|70||42.4|||4|||5.5|||7.5|||13.2|||12.2|||38.1||||||||12|19.5|27||||0|0.25|0.5||||1.4|1.48|1.55|||||1.55|||14.11|28.23|42.34|0.14|0.15|0.16|||||26.2|||11.4|||40||0|1.5|2.9|22|29|36|7|13|19|0|3|11|".37"|".37"|0|0|0|0|0|0|0|0|0|0|0|0|||||2.6||2|5|9|4.5|5|5.5|||||||||||||||||||||||||||||||||"22703575"|"67121856"
"H1"||"H"||1||0|||41|||||0|0|0|0|0|0|100|100|100|100|100|100|95|97.5|100|65|77.5|90||13.9|||0.1|||0.4|||1|||4|||8.4|||70.1||||||||7|16|25||||0.5|2.25|4||||1.35|1.5|1.65|||||1.57|||4.23|9.17|14.11|0.2|0.22|0.23|||||28.1|||12.8|||40||0|1.5|2.9|19|31|43|3|10|17|0|6|17|".49"|".49"|0|0|0|0|0|0|0|0|0|0|0|0||||1.5|4.2|8.3|2|4|7|3.6|4.8|6|||||||||||||||||||||||||||||||||"22703576"|"67121857"
"H2"||"H"||2||41|||99|||||0|0|0|0|0|0|100|100|100|100|100|100|94|97|100|75|85|95||7.1|||0.4|||0.6|||1|||2.2|||2.9|||65.4||||||||20|27.5|35||||0.5|0.75|1||||1.35|1.53|1.7|||||1.6|||0.42|0.92|1.41|0.15|0.19|0.22|||||31.6|||17.9|||40||0|1.5|2.9|30|38|45|6|15|18|3|13|19|".49"|".49"|0|0|0|0|3|5|0|0|0|0|0|0||||5.9|8.9|12.3|4|18|30|3.6|4.8|6|||||||||||||||||||||||||||||||||"22703576"|"67121858"
"H3"||"H"||3||99|||153|||||0|0|0|0|0|0|100|100|100|100|100|100|95|97.5|100|50|72.5|95||7.1|||0.4|||0.6|||1|||2.2|||2.9|||65.4||||||||20|27.5|35||||0.5|0.75|1||||1.35|1.53|1.7|||||1.6|||0.42|0.92|1.41|0.15|0.19|0.22|||||31.6|||17.9|||40||0|1.5|2.9|30|38|45|0|9|25|0|6|25|".49"|".49"|0|0|0|0|3|5|0|5|10|0|0|0|10.6|14.6|18.6||||1|12|19|3.6|6|8.4|||||||||||||||||||||||||||||||||"22703576"|"67121859"
"H1"||"H"||1||0|||5|||||0|0|0|0|0|0|100|100|100|100|100|100|95|97.5|100|85|90|95||5.5|||0.2|||0.3|||0.6|||1.7|||2.7|||47||||||||35|47.5|60||||0|1.5|3||||1.25|1.38|1.5|||||1.71|||0|0.21|0.42|0.11|0.15|0.19|||||33.4|||27.2|||45||6|7.5|8.9|30|40|55|12|20|30|8|18|32|".28"|".28"|0|0|0|0|0|0|0|0|0|0|0|0||||15|27.5|40|1|5|8|3.6|4.3|5|||||||||||||||||||||||||||||||||"22703577"|"67121861"
"H2"||"H"||2||5|||109||||||||0|3|5|100|100|100|100|100|100|90|95|100|75|85|95||30|||2.8|||3.1|||5.7|||10.1|||8.3|||30||||||||20|40|60||||0|0.25|0.5||||1.2|1.35|1.5|||||1.68|||0|0.21|0.42|0.1|0.14|0.18|||||30|||21.3|||46||6|7.5|8.9|32|51|69|14|29|44|8|26|47|".32"|".32"|0|0|0|0|0|0|0|0|0|0|0|0||||20|30|40|3|17|22|3.6|4.6|5.5|||||||||||||||||||||||||||||||||"22703577"|"67121860"
"H3"||"H"||3||109|||188||||||||0|8|15|100|100|100|100|100|100|80|90|100|35|65|95||30|||2.8|||3.1|||5.7|||10.1|||8.3|||30||||||||20|40|60||||0|0.25|0.5||||1.2|1.45|1.7|||||1.82|||0|0.21|0.42|0.1|0.14|0.18|||||29.3|||21.1|||41||6|7.5|8.9|32|51|69|14|29|44|0|17|47|".32"|".32"|0|0|0|0|0|0|0|0|0|0|0|0||||20|30|40|2|11|20|3.6|4.6|5.5|||||||||||||||||||||||||||||||||"22703577"|"67121862"
"A"||"A"|||0|0|0|5|10|15||10||0|0|0|0|0|0|100|100|100|100|100|100|91|100|100|81|90|99|1|13|20|0|0|0.1|0|0|0.4|0|0|1.2|0|5|5.5|1|8|12.8|60|70|75|||||||7|17|25|0|0|0|0.5|2.25|4||||1.35|1.5|1.65||||1.4|1.55|1.7|2.63|4|9|14|0.2|0.22|0.23||||20.1|28.1|33.2|4.9|12.8|20.4|35|41|46|0.4|1|1.6|19|32|42|3|11|17|0|0|5|".49"|".49"|0|0|0|0|0|0|0|0|0|0.1|1|1.8||||1.5|4.2|8.3|1|2.9|3.1|4.5|5.3|6|4.5|5.3|6|||||||0|7.4|15|||||||||||||||||||||"22703781"|"67122136"
"Cg"||"C"|||160|185|190|203|203|203||18||0|0|0|0|0|0|100|100|100|100|100|100|93|100|100|89|95|100|3|7|11|0|0|0.6|0|0|0.9|0|0|1.5|0.9|3|3.5|2|4|4.5|55|67|70|||||||20|26|35|0|0|0|0.5|0.75|1||||1.35|1.53|1.67||||1.49|1.67|1.73|2.65|0.42|1|1.4|0.15|0.19|0.22||||28.2|31.2|34.5|12.9|17.2|22.7|34|40|47|2.1|2.9|4.1|31|38|46|13|19|25|0|4|18|".55"|".55"|0|0|0|0|3|5|0|5|10|0.1|1|1.8|10.6|14.1|18.6||||5.6|65.3|84.2|4.5|6.5|8.4|4.5|6.5|8.4|||||||0|3.9|10.8|||||||||||||||||||||"22703781"|"67122140"
"Btg/E"||"B/E"|||35|48|53|55|63|68||15||0|0|0|0|0|0|100|100|100|100|100|100|90|98|100|87|94|100|2|7|17|0|0|0.9|0|1|1.4|0.1|1|2.3|0.6|2|5.4|1.3|3|7|55|65|69|||||||20|28|35|0|0|0|0.5|0.75|1||||1.35|1.53|1.61||||1.43|1.61|1.61|2.67|0.42|1|1.4|0.18|0.2|0.22||||28.2|31.3|34.4|12.9|17.3|22.7|34|40|47|1.1|1.7|2.2|30|38|45|13|19|24|2|9|18|".49"|".49"|0|0|0|0|0|0|0|0|0|0.1|1|1.8||||5.9|9|12.3|1|7.1|70|4.5|5.3|6|4.5|5.3|6|||||||0|7.2|15|||||||||||||||||||||"22703781"|"67122138"
"Btg"||"B"|||55|63|68|160|185|190||122||0|0|0|0|0|0|100|100|100|100|100|100|90|98|100|87|95|100|3|7|17|0|0|0.9|0|1|1.4|0.1|1|2.3|0.9|2|5.4|2|3|7|55|65|69|||||||20|28|35|0|0|0|0.5|0.75|1||||1.35|1.53|1.78||||1.43|1.61|1.78|2.67|0.42|1|1.4|0.15|0.19|0.22||||28.2|31.8|34.5|12.9|18.2|22.7|34|40|47|1.2|1.8|2.3|31|38|45|13|19|24|2|9|18|".49"|".49"|0|0|0|0|0|0|0|0|0|0.1|1|1.8||||5.9|9|12.3|1|3|77.9|4.5|5.3|6|4.5|5.3|6|||||||2.4|7.4|12.8|||||||||||||||||||||"22703781"|"67122139"
"Eg"||"E"|||5|10|15|35|48|53||38||0|0|0|0|0|0|100|100|100|100|100|100|91|100|100|81|90|99|11|13|21|0|0|0.1|0|0|0.4|0|0|1.2|3|5|5.8|7.7|8|13.5|60|70|75|||||||7|17|25|0|0|0|0.5|1|2||||1.35|1.5|1.58||||1.49|1.58|1.58|2.65|4|9|14|0.2|0.22|0.23||||20.1|26.7|31.5|4.9|11|17.7|36|41|47|1.2|1.8|2.3|19|29|39|4|10|17|0|0|5|".55"|".55"|0|0|0|0|0|0|0|0|0|0.1|1|1.8||||4.5|12.8|25.8|1|2.7|3.1|4.5|5.3|6|4.5|5.3|6|||||||0|5.5|15|||||||||||||||||||||"22703781"|"67122137"
"Bt"||"B"||||36|||92|||56||0|0|0|0|0|0|100|100|100|100|100|100|100|100|100|85|92.5|100|5|7|18|0|0.3|0.9|0|0.4|1.5|0.1|0.5|2.4|0|1.5|5.7|3.5|4.3|7.5|49|64|77|||||||18|29|35|0|0|0|0.5|0.75|1||||1.3|1.5|1.7||||1.51|1.71|1.78|2.67|1.4|2.7|4|0.15|0.18|0.2||||24.9|31.6|34.2|9.1|17.8|22.3|33|41|48|0.6|2.8|4.9|31|38|45|11|16.5|22|8|15|24|".49"|".49"|0|0|0|0|0|0|0|0|0|0|0.1|2|4|14.5|25|5.3|9.4|12.3|1.1|11.4|22.7|4.5|5.5|6.5||||||||||1.7|6.9|12.1|||||||||||||||||||||"22703774"|"67122132"
"E"||"E"||||18|||36|||18||0|0|0|0|0|0|100|100|100|100|100|100|100|100|100|75|87.5|100|7|14.3|20|0.1|0.6|0.7|0.2|0.9|1|0.5|1.1|1.2|2.1|3|5.5|4.1|8.7|12.8|61.2|73.2|80|||||||8|12.5|19|0|0|0|0.5|1|1.5||||1.3|1.48|1.65||||1.37|1.55|1.72|2.65|4|9|14|0.15|0.18|0.2||||22.3|27.8|31.7|6.6|12.3|18|35|41|48|0.6|1.5|2.9|15|21|27|0|3.5|7|0|0|6|".55"|".55"|0|0|0|0|0|0|0|0|0|0|0.1|2|4|9.5|15||||1.2|7.2|15|4.5|5.9|7.3||||||||||0|4.9|10.4|||||||||||||||||||||"22703774"|"67122131"
"C"||"C"||||133|||203|||70||0|0|0|0|0|0|100|100|100|100|100|100|90|95|100|60|80|100|7|14.3|20|0.1|0.6|0.7|0.2|0.9|1|0.5|1.1|1.2|2.1|3|5.5|4.1|8.7|12.8|61.2|73.2|80|||||||8|12.5|19|0|0|0|0|0.25|0.5||||1.3|1.5|1.7||||1.37|1.57|1.77|2.67|4|9|14|0.15|0.18|0.2||||21.5|28.9|33.9|6|13.8|21.6|34|41|48|0.6|2.4|4.9|22|31|40|3|11|18|0|7|19|".55"|".55"|0|0|0|0|0|0|0|0|0|0|0.1|2|4|14.5|25||||3|13|25|5.1|6.5|7.8||||||||||0|3.6|10.1|||||||||||||||||||||"22703774"|"67122135"
"BC"||"BC"||||92|||133|||41||0|0|0|0|0|0|100|100|100|100|100|100|90|95|100|60|80|100|7|14.3|20|0.1|0.6|0.7|0.2|0.9|1|0.5|1.1|1.2|2.1|3|5.5|4.1|8.7|12.8|61.2|73.2|80|||||||8|12.5|19|0|0|0|0|0.25|0.5||||1.3|1.5|1.7||||1.37|1.57|1.77|2.67|4|9|14|0.15|0.18|0.2||||21.5|28.9|33.9|6|13.8|21.6|34|41|48|0.6|2.4|4.9|22|31|40|3|11|18|0|7|19|".55"|".55"|0|0|0|0|0|0|0|0|0|0|0.1|2|4|14.5|25||||2.1|13.3|26.5|5.1|6.5|7.8||||||||||0|3.6|10.1|||||||||||||||||||||"22703774"|"67122134"
"Ap"||"A"||||0|||18|||18||0|0|0|0|0|0|100|100|100|100|100|100|100|100|100|75|87.5|100|7|14.3|20|0.1|0.6|0.7|0.2|0.9|1|0.5|1.1|1.2|2.1|3|5.5|4.1|8.7|12.8|61.2|73.2|80|||||||8|12.5|19|0|0|0|0.5|1.25|2||||1.3|1.48|1.65||||1.37|1.55|1.72|2.65|4|9|14|0.15|0.18|0.2||||22.3|28|32.1|6.6|12.7|18.6|35|41|48|0.6|1.5|2.9|15|21|27|0|4|7|0|0|6|".49"|".49"|0|0|0|0|0|0|0|0|0|0|0.1|2|4|9.5|15||||1.3|7.8|15|4.5|5.9|7.3||||||||||0|5|10.7|||||||||||||||||||||"22703774"|"67122133"
"H2"||"H"||2||13|||102|||||0|0|0|0|0|0|100|100|100|100|100|100|100|100|100|85|92.5|100||32.5|||0|||0.2|||0.9|||7.3|||24.1|||43||||||||14|24.5|35||||0.5|0.75|1||||1.3|1.5|1.7|||||1.71|||1.41|2.82|4.23|0.15|0.18|0.2|||||30.2|||15.7|||41||3|4.5|5.9|26|37|47|9|17|25|5|16|28|".49"|".49"|0|0|0|0|0|0|0|0|0|0|0|0|4|14.5|25||||1|10|21|4.5|5.5|6.5|||||||||||||||||||||||||||||||||"22703626"|"67121921"
"H1"||"H"||1||0|||13|||||0|0|0|0|0|0|100|100|100|100|100|100|100|100|100|80|90|100||6.7|||0.3|||0.6|||0.9|||2.1|||2.8|||62.3||||||||27|31|35||||0.5|2.25|4||||1.25|1.35|1.45|||||1.54|||1.41|2.82|4.23|0.15|0.18|0.2|||||32.6|||19.4|||46||3|4.5|5.9|38|46|53|19|22|25|14|21|29|".37"|".37"|0|0|0|0|0|0|0|0|0|0|0|0|10|17.5|25||||1|7|14|4.5|5.9|7.3|||||||||||||||||||||||||||||||||"22703626"|"67121920"
"H3"||"H"||3||102|||153|||||0|0|0|0|0|0|100|100|100|100|100|100|90|95|100|60|80|100||7.2|||0|||0|||0.2|||2|||5|||70.3||||||||10|22.5|35||||0|0.25|0.5||||1.3|1.5|1.7|||||1.57|||4.23|9.17|14.11|0.15|0.18|0.2|||||28.9|||13.8|||41||0|1.5|2.9|20|32|44|6|15|25|0|10|27|".49"|".49"|0|0|0|0|0|0|0|0|0|0|0|0|4|14.5|25||||3|13|25|5.1|6.5|7.8|||||||||||||||||||||||||||||||||"22703626"|"67121922"
"E"||"E"||||18|||36|||18||0|0|0|0|0|0|100|100|100|100|100|100|100|100|100|75|87.5|100|7|14.3|20|0.1|0.6|0.7|0.2|0.9|1|0.5|1.1|1.2|2.1|3|5.5|4.1|8.7|12.8|61.2|73.2|80|||||||8|12.5|19|0|0|0|0.5|1|1.5||||1.3|1.48|1.65||||1.37|1.55|1.72|2.65|4|9|14|0.15|0.18|0.2||||22.3|27.8|31.7|6.6|12.3|18|35|41|48|0.6|1.5|2.9|15|21|27|0|3.5|7|0|0|6|".55"|".55"|0|0|0|0|0|0|0|0|0|0|0.1|2|4|9.5|15||||1.2|7.2|15|4.5|5.9|7.3||||||||||0|4.9|10.4|||||||||||||||||||||"22703604"|"67121889"
"C"||"C"||||183|||203|||20||0|0|0|0|0|0|100|100|100|100|100|100|90|95|100|60|80|100|7|14.3|20|0.1|0.6|0.7|0.2|0.9|1|0.5|1.1|1.2|2.1|3|5.5|4.1|8.7|12.8|61.2|73.2|80|||||||8|12.5|19|0|0|0|0|0.25|0.5||||1.3|1.5|1.7||||1.37|1.57|1.77|2.67|4|9|14|0.15|0.18|0.2||||21.5|28.9|33.9|6|13.8|21.6|34|41|48|0.6|2.4|4.9|22|31|40|3|11|18|0|7|19|".55"|".55"|0|0|0|0|0|0|0|0|0|0|0.1|2|4|14.5|25||||3|13|25|5.1|6.5|7.8||||||||||0|3.6|10.1|||||||||||||||||||||"22703604"|"67121893"
"Ap"||"A"||||0|||18|||18||0|0|0|0|0|0|100|100|100|100|100|100|100|100|100|75|87.5|100|7|14.3|20|0.1|0.6|0.7|0.2|0.9|1|0.5|1.1|1.2|2.1|3|5.5|4.1|8.7|12.8|61.2|73.2|80|||||||8|12.5|19|0|0|0|0.5|1.25|2||||1.3|1.48|1.65||||1.37|1.55|1.72|2.65|4|9|14|0.15|0.18|0.2||||22.3|28|32.1|6.6|12.7|18.6|35|41|48|0.6|1.5|2.9|15|21|27|0|4|7|0|0|6|".49"|".49"|0|0|0|0|0|0|0|0|0|0|0.1|2|4|9.5|15||||1.3|7.8|15|4.5|5.9|7.3||||||||||0|5|10.7|||||||||||||||||||||"22703604"|"67121891"
"Bt"||"B"||||36|||91|||55||0|0|0|0|0|0|100|100|100|100|100|100|100|100|100|85|92.5|100|5|7|18|0|0.3|0.9|0|0.4|1.5|0.1|0.5|2.4|0|1.5|5.7|3.5|4.3|7.5|49|64|77|||||||18|29|35|0|0|0|0.5|0.75|1||||1.3|1.5|1.7||||1.51|1.71|1.78|2.67|1.4|2.7|4|0.15|0.18|0.2||||24.9|31.6|34.2|9.1|17.8|22.3|33|41|48|0.6|2.8|4.9|31|38|45|11|16.5|22|8|15|24|".49"|".49"|0|0|0|0|0|0|0|0|0|0|0.1|2|4|14.5|25|5.3|9.4|12.3|1.1|11.4|22.7|4.5|5.5|6.5||||||||||1.7|6.9|12.1|||||||||||||||||||||"22703604"|"67121890"
"BC"||"BC"||||91|||183|||92||0|0|0|0|0|0|100|100|100|100|100|100|90|95|100|60|80|100|7|14.3|20|0.1|0.6|0.7|0.2|0.9|1|0.5|1.1|1.2|2.1|3|5.5|4.1|8.7|12.8|61.2|73.2|80|||||||8|12.5|19|0|0|0|0|0.25|0.5||||1.3|1.5|1.7||||1.37|1.57|1.77|2.67|4|9|14|0.15|0.18|0.2||||21.5|28.9|33.9|6|13.8|21.6|34|41|48|0.6|2.4|4.9|22|31|40|3|11|18|0|7|19|".55"|".55"|0|0|0|0|0|0|0|0|0|0|0.1|2|4|14.5|25||||2.1|13.3|26.5|5.1|6.5|7.8||||||||||0|3.6|10.1|||||||||||||||||||||"22703604"|"67121892"
"H4"||"H"||4||91|||119|||28||0|0|0|0|0|0|100|100|100|95|97.5|100|70|82.5|95|40|60|80||36.9|||0|||0.1|||0.8|||7.6|||28.4|||42.1||||||||12|21|30||||0|0.25|0.5||||1.4|1.5|1.6|||||1.57|||1.41|2.82|4.23|0.08|0.09|0.1|||||27.8|||12.8|||41||0|1.5|2.9|22|30|39|7|14|21|0|5|15|".55"|".55"|0|0|0|0|0|0|0|0|0|0|0|0||||3.6|7.4|15.1|1|3|5|4.5|5.3|6|||||||||||||||||||||||||||||||||"22703685"|"67122005"
"H5"||"H"||5||119|||153|||34||0|0|0|0|0|0|100|100|100|95|97.5|100|60|72.5|85|30|55|80||38|||0|||0.1|||0.8|||7.8|||29.3|||43.5||||||||10|18.5|27||||0|0.25|0.5||||1.4|1.5|1.6|||||1.57|||4.23|9.17|14.11|0.1|0.13|0.15|||||26.7|||11.3|||41||0|1.5|2.9|20|28|36|6|12|19|0|3|13|".55"|".55"|0|0|0|0|0|0|0|0|0|0|0|0||||2.9|6.4|13.4|1|3|5|4.5|5.3|6|||||||||||||||||||||||||||||||||"22703685"|"67122006"
"H1"||"H"||1||0|||18|||18||0|0|0|0|0|0|100|100|100|100|100|100|100|100|100|85|92.5|100||21.6|||0.1|||0.4|||1.3|||6|||13.8|||69.9||||||||5|8.5|12||||0.5|1.75|3||||1.3|1.35|1.4|||||1.41|||4.23|9.17|14.11|0.2|0.21|0.22|||||22.6|||6.9|||46||0|1.5|2.9|17|24|30|0|5|10|0|3|9|".49"|".49"|0|0|0|0|0|0|0|0|0|0|0|0||||1.1|2.1|3.6|1|3|5|4.5|5.3|6|||||||||||||||||||||||||||||||||"22703685"|"67122007"
"H2"||"H"||2||18|||68|||50||0|0|0|0|0|0|100|100|100|100|100|100|95|97.5|100|85|92.5|100||7|||0|||0|||0.2|||1.9|||4.9|||69||||||||18|24|30||||0|0.25|0.5||||1.4|1.45|1.5|||||1.52|||4.23|9.17|14.11|0.2|0.21|0.22|||||29.2|||14.2|||43||0|1.5|2.9|27|33|39|12|16|21|8|14|22|".49"|".49"|0|0|0|0|0|0|0|0|0|0|0|0||||5.7|8.6|15.1|1|3|5|4.5|5.3|6|||||||||||||||||||||||||||||||||"22703685"|"67122008"
"H3"||"H"||3||68|||91|||23||0|0|0|0|0|0|100|100|100|100|100|100|90|95|100|70|80|90||6.9|||0|||0|||0.2|||1.9|||4.8|||68.1||||||||20|25|30||||0|0.25|0.5||||1.4|1.5|1.6|||||1.57|||1.41|2.82|4.23|0.08|0.09|0.1|||||30|||15.3|||41||0|1.5|2.9|29|34|39|13|17|21|6|12|18|".49"|".49"|0|0|0|0|0|0|0|0|0|0|0|0||||6.4|9|15.1|1|3|5|4.5|5.3|6|||||||||||||||||||||||||||||||||"22703685"|"67122009"
"H3"||"H"||3||48|||152|||104||0|0|0|0|0|0|100|100|100|85|92.5|100|65|80|95|36|53|70||42.4|||4|||5.5|||7.5|||13.2|||12.2|||38.1||||||||12|19.5|27||||0|0.25|0.5||||1.4|1.48|1.55|||||1.55|||14.11|28.23|42.34|0.14|0.15|0.16|||||26.2|||11.4|||40||0|1.5|2.9|22|29|36|7|13|19|0|3|11|".37"|".37"|0|0|0|0|0|0|0|0|0|0|0|0|||||2.6||2|5|9|4.5|5|5.5|||||||||||||||||||||||||||||||||"22703687"|"67122012"
"H2"||"H"||2||10|||48|||38||0|0|0|0|0|0|100|100|100|85|92.5|100|80|88|96|45|60|75||56.5|||1.3|||8.3|||15|||20.5|||11.4|||18||||||||18|25.5|33||||0|0.25|0.5||||1.4|1.48|1.55|||||1.55|||4.23|9.17|14.11|0.15|0.16|0.17|||||23.3|||15.5|||40||0|1.5|2.9|27|34|42|12|17|23|1|7|16|".24"|".24"|0|0|0|0|0|0|0|0|0|0|0|0|||||2.7||2|5|9|4.5|5|5.5|||||||||||||||||||||||||||||||||"22703687"|"67122011"
"H1"||"H"||1||0|||10|||10||0|0|0|0|0|0|100|100|100|85|92.5|100|60|77.5|95|28|38.5|49||69.7|||0.3|||4.8|||15.5|||30.3|||18.8|||21.8||||||||2|8.5|15||||0.5|1.25|2||||1.4|1.45|1.5|||||1.52|||14.11|28.23|42.34|0.14|0.15|0.16|||||16.3|||7|||41||0|1.5|2.9|0|23|31|0|5|10|0|0|2|".28"|".28"|0|0|0|0|0|0|0|0|0|0|0|0|||||1.2||2|5|9|4.5|5|5.5|||||||||||||||||||||||||||||||||"22703687"|"67122010"
"H1"||"H"||1||0|||5|||5||0|0|0|0|0|0|100|100|100|100|100|100|95|97.5|100|85|90|95||5.5|||0.2|||0.3|||0.6|||1.7|||2.7|||47||||||||35|47.5|60||||0|1.5|3||||1.25|1.38|1.5|||||1.71|||0|0.21|0.42|0.11|0.15|0.19|||||33.4|||27.2|||45||6|7.5|8.9|30|40|55|12|20|30|8|18|32|".28"|".28"|0|0|0|0|0|0|0|0|0|0|0|0||||15|27.5|40|1|5|8|3.6|4.3|5|||||||||||||||||||||||||||||||||"22703688"|"67122014"
"H3"||"H"||3||109|||188|||79|||||0|8|15|100|100|100|100|100|100|80|90|100|35|65|95||30|||2.8|||3.1|||5.7|||10.1|||8.3|||30||||||||20|40|60||||0|0.25|0.5||||1.2|1.45|1.7|||||1.82|||0|0.21|0.42|0.1|0.14|0.18|||||29.3|||21.1|||41||6|7.5|8.9|32|51|69|14|29|44|0|17|47|".32"|".32"|0|0|0|0|0|0|0|0|0|0|0|0||||20|30|40|2|11|20|3.6|4.6|5.5|||||||||||||||||||||||||||||||||"22703688"|"67122013"
"H2"||"H"||2||5|||109|||104|||||0|3|5|100|100|100|100|100|100|90|95|100|75|85|95||30|||2.8|||3.1|||5.7|||10.1|||8.3|||30||||||||20|40|60||||0|0.25|0.5||||1.2|1.35|1.5|||||1.68|||0|0.21|0.42|0.1|0.14|0.18|||||30|||21.3|||46||6|7.5|8.9|32|51|69|14|29|44|8|26|47|".32"|".32"|0|0|0|0|0|0|0|0|0|0|0|0||||20|30|40|3|17|22|3.6|4.6|5.5|||||||||||||||||||||||||||||||||"22703688"|"67122015"
"H3"||"H"||3||79|||153|||||0|0|0|0|0|0|90|95|100|85|92.5|100|75|87.5|100|70|85|100|0.5|1.8|3||0.2|||0.2|||0.3|||0.5|||0.6|||28.2||||||||55|70|85||||0|0.25|0.5||||1.17|1.26|1.35|||||1.75|||0|0.21|0.42|0.12|0.15|0.18|||||43.6|||35.2|||48||9|17|25|64|82|100|40|53|65|27|50|79|".20"|".20"|0|0|0|0|0|0|0|0|0|0|0|0|20|35|50||||16|33|50|6.1|7.3|8.4|||||||||||||||||||||||||||||||||"22703753"|"67122101"
"H2"||"H"||2||10|||79|||||0|0|0|0|0|0|100|100|100|100|100|100|100|100|100|95|97.5|100|0.5|1.8|3||0.2|||0.2|||0.3|||0.5|||0.6|||28.2||||||||55|70|85||||0.5|0.75|1||||1.17|1.29|1.4|||||1.78|||0|0.21|0.42|0.12|0.15|0.18|||||44.6|||37.4|||48||9|17|25|65|83|101|40|52|65|43|60|79|".20"|".20"|0|0|0|0|0|0|0|0|0|0|0|0|20|35|50||||11|29|48|5.1|6.2|7.3|||||||||||||||||||||||||||||||||"22703753"|"67122100"
"H1"||"H"||1||0|||10|||||0|0|0|0|0|0|100|100|100|100|100|100|100|100|100|95|97.5|100||18.4|||1.3|||2|||2.9|||5.8|||6.4|||43.6||||||||27|38|49||||0.5|2.25|4||||1.35|1.53|1.7|||||1.9|||0.42|0.92|1.41|0.18|0.2|0.22|||||36.2|||26.2|||39||6|7.5|8.9|39|53|67|19|27|35|18|30|43|".32"|".32"|0|0|0|0|0|0|0|0|0|0|0|0|10|20|30||||7|21|41|4.5|5.5|6.5|||||||||||||||||||||||||||||||||"22703753"|"67122099"
"2BCkss"|2|"BC"|||80|112|150|190|203|203|75|91|110|0|0|0|0|0|0|100|100|100|100|100|100|93|100|100|88|99|100|0.5|1.8|3|0|0|0|0|0|0.1|0|0.1|1|0|0.5|2|0.5|1.2|2|12|28.2|40|||||||55|70|85|0|1|2|0|0.25|0.5||||1.17|1.3|1.42||||1.82|1.89|1.95||0.01|0.21|0.42|0.1|0.1|0.18||||41.9|44.4|46.5|28.9|37|45.1|44|48|53|9.7|14.5|19.3|67|85|86|44|59|60|43|68|70|".20"|".20"|0|1|2|0|0|0|0|0|0|2|4|4|34.6|46|55.1||||29.3|54|65.1|5.1|8|8.4|6.1|7.3|8.4|||||||0|1.4|12.4|||||||||||||||||||"Moderate"|"Moist"|"22703707"|"67122041"
"Ap"||"A"|||0|0|0|10|15|25|10|15|25|0|0|0|0|0|0|100|100|100|100|100|100|91|100|100|85|99|100|0.5|1.8|3|0|0|0|0|0|0.1|0|0.1|1|0|0.5|2|0.5|1.2|2|17|38.2|40|||||||40|60|80|0|0|0|0.5|2.25|4||||1.09|1.25|1.41||||1.61|1.77|1.81|2.65|0.01|0.21|0.42|0.12|0.15|0.18||||30.2|43.8|46.9|21.2|33.1|44.7|44|50|56|7.5|12.3|17.2|49|68|84|31|45|57|27|51|67|".24"|".24"|0|0|0|0|0|0|0|0|0|2|4|4||||20|34.6|51.3|9|33|44.3|4.5|5.9|6|4.5|5.6|6|||||||4.8|12.5|20.5|||||||||||||||||||"Moderate"|"Moist"|"22703707"|"67122044"
"Bssg"||"B"|||10|15|25|60|76|137|60|61|66|0|0|0|0|0|0|100|100|100|100|100|100|93|100|100|88|99|100|0.5|1.8|3|0|0|0|0|0|0.1|0|0.1|1|0|0.5|2|0.5|1.2|2|12|28.2|40|||||||55|70|85|0|0|0|0.5|0.75|1||||1.16|1.3|1.44||||1.87|1.89|2.01|2.65|0.01|0.21|0.42|0.1|0.1|0.18||||41.9|44.4|46.5|29.4|37.5|45.5|43|48|53|11.2|15.7|19.5|72|85|86|49|59|60|48|68|70|".20"|".20"|0|0|0|0|0|0|0|0|0|2|4|4|38.7|48.3|56.4||||32.9|44.3|55.2|5.1|6.2|7.3|5.1|6.2|7.3|||||||3.6|8.2|12.7|||||||||||||||||||"Moderate"|"Moist"|"22703707"|"67122042"
"2Bkss"|2|"B"|||60|76|137|80|112|150|20|36|60|0|0|0|0|0|0|100|100|100|100|100|100|93|100|100|88|99|100|0.5|1.8|3|0|0|0|0|0|0.1|0|0.1|1|0|0.5|2|0.5|1.2|2|12|28.2|40|||||||55|70|85|0|1|2|0|0.25|0.5||||1.17|1.3|1.42||||1.81|1.89|1.94|2.65|0.01|0.21|0.42|0.1|0.1|0.18||||41.9|44.4|46.5|28.9|37|45.1|44|48|53|9.6|14.2|19.2|67|85|87|44|58|59|43|68|70|".20"|".20"|0|1|2|0|0|0|0|0|0|2|4|4|34.6|45.5|54.6||||32.8|42.8|64.6|6.1|7.5|8.4|6.1|7.5|8.4|||||||0|3.9|8.8|||||||||||||||||||"Moderate"|"Moist"|"22703707"|"67122043"
"BC"||"BC"||||84|||137|||53||0|0|0|0|0|0|100|100|100|100|100|100|100|100|100|90|95|100|0.5|9|25||0.1|||0.3|||0.7|||2.7|||5.2|||64.5||||||||18|26.5|35||||0.5|0.75|1||||1.3|1.5|1.7||||1.51|1.71|1.78|2.66|4|9|14|0.2|0.21|0.22||||27.1|31|34.2|11.5|16.9|22.3|33|41|48|3|4.5|5.9|28|34|40|8|12.5|17|6|12|18|".49"|".49"|0|0|0|0|0|0|0|0|0|0|0.5|0.9|5|15|25||7||2.1|11.9|24.4|5.1|5.6|6||||||||||3.3|6.7|10.4|||||||||||||||||||||"22703768"|"67122115"
"C"||"C"||||137|||203|||66||0|0|0|0|0|0|100|100|100|100|100|100|100|100|100|75|87.5|100|1|13.6|35||0.1|||0.4|||1|||3.9|||8.2|||68.9||||||||8|17.5|27||||0|0.25|0.5||||1.3|1.5|1.7||||1.37|1.57|1.77|2.67|4|9|14|0.18|0.2|0.22||||19.9|26.5|31|4.8|10.8|16.9|34|41|48|0|1.5|2.9|23|34|45|4|12.5|21|1|10|23|".55"|".55"|0|3|5|0|0|0|0|0|0|0|0.5|0.9|5|15|25||10||2.4|43.1|58.3|4.5|5.8|8.4||||||||||0.1|5.8|11.8|||||||||||||||||||||"22703768"|"67122114"
"Ap"||"A"||||0|||18|||18||0|0|0|0|0|0|100|100|100|100|100|100|100|100|100|90|95|100|1|13.6|35||0.1|||0.4|||1|||3.9|||8.2|||68.9||||||||8|17.5|27||||0.5|1.25|2||||1.3|1.5|1.7||||1.37|1.57|1.77|2.65|4|9|14|0.21|0.22|0.23||||20.9|27.7|32.3|5.5|12.2|18.9|33|40|48|0|1.5|2.9|15|23|31|0|5|10|0|2|10|".49"|".49"|0|0|0|0|0|0|0|0|0|0|0.5|0.9|4|9.5|15||3||1.8|7|12.7|5.1|5.6|6||||||||||3.1|5.9|9|||||||||||||||||||||"22703768"|"67122117"
"Bt"||"B"||||18|||84|||66||0|0|0|0|0|0|100|100|100|100|100|100|100|100|100|90|95|100|0.5|9|25||0.1|||0.3|||0.7|||2.7|||5.2|||64.5||||||||18|26.5|35||||0.5|0.75|1||||1.3|1.5|1.7||||1.51|1.71|1.78|2.66|4|9|14|0.2|0.21|0.22||||27.1|31|34.2|11.5|16.9|22.3|33|41|48|3|4.5|5.9|28|34|40|8|12.5|17|6|12|18|".49"|".49"|0|0|0|0|0|0|0|0|0|0|0.5|0.9|5|15|25||3||2.1|11.9|24.4|5.1|5.6|6||||||||||3.3|6.7|10.4|||||||||||||||||||||"22703768"|"67122116"
"H3"||"H"||3||66|||203|||137||0|0|0|0|0|0|100|100|100|85|92.5|100|65|80|95|36|53|70||42.4|||4|||5.5|||7.5|||13.2|||12.2|||38.1||||||||12|19.5|27||||0|0.25|0.5||||1.4|1.48|1.55|||||1.55|||14.11|28.23|42.34|0.14|0.15|0.16|||||26.2|||11.4|||40||0|1.5|2.9|22|29|36|7|13|19|0|3|11|".37"|".37"||0|||0||0|0|0|0|0|0|||||2.6||2|5|9|4.5|5|5.5|||||||||||||||||||||||||||||||||"22703694"|"67122021"
"H1"||"H"||1||0|||25|||25||0|0|0|0|0|0|100|100|100|85|92.5|100|60|77.5|95|28|38.5|49||69.7|||0.3|||4.8|||15.5|||30.3|||18.8|||21.8||||||||2|8.5|15||||0.5|1.25|2||||1.4|1.45|1.5|||||1.52|||14.11|28.23|42.34|0.14|0.15|0.16|||||16.3|||7|||41||0|1.5|2.9|0|23|31|0|5|10|0|0|2|".28"|".28"||0|||0||0|0|0|0|0|0|||||1.2||2|5|9|4.5|5|5.5|||||||||||||||||||||||||||||||||"22703694"|"67122019"
"H2"||"H"||2||25|||66|||41||0|0|0|0|0|0|100|100|100|85|92.5|100|80|88|96|45|60|75||56.5|||1.3|||8.3|||15|||20.5|||11.4|||18||||||||18|25.5|33||||0|0.25|0.5||||1.4|1.48|1.55|||||1.55|||4.23|9.17|14.11|0.15|0.16|0.17|||||23.3|||15.5|||40||0|1.5|2.9|27|34|42|12|17|23|1|7|16|".24"|".24"||0|||0||0|0|0|0|0|0|||||2.7||2|5|9|4.5|5|5.5|||||||||||||||||||||||||||||||||"22703694"|"67122020"
"H2"||"H"||2||5|||109|||104|||||0|3|5|100|100|100|100|100|100|90|95|100|75|85|95||30|||2.8|||3.1|||5.7|||10.1|||8.3|||30||||||||20|40|60||||0|0.25|0.5||||1.2|1.35|1.5|||||1.68|||0|0.21|0.42|0.1|0.14|0.18|||||30|||21.3|||46||6|7.5|8.9|32|51|69|14|29|44|8|26|47|".32"|".32"||0|||0||0|0|0|0|0|0||||20|30|40|3|17|22|3.6|4.6|5.5|||||||||||||||||||||||||||||||||"22703695"|"67122022"
"H1"||"H"||1||0|||5|||5||0|0|0|0|0|0|100|100|100|100|100|100|85|92.5|100|50|70|90||58.6|||0.3|||1.1|||3.9|||19.7|||33.6|||22.9||||||||10|18.5|27||||0|1.5|3||||1.35|1.5|1.65|||||1.57|||1.41|7.76|14.11|0.12|0.19|0.25|||||23.4|||14.8|||41||0|1.5|2.9|20|32|43|6|12|18|0|6|17|".43"|".43"||0|||0||0|0|0|0|0|0||||5|10|15|1|5|8|3.6|4.8|6|||||||||||||||||||||||||||||||||"22703695"|"67122023"
"H3"||"H"||3||109|||168|||59|||||0|8|15|100|100|100|100|100|100|80|90|100|35|65|95||51.8|||5.6|||8.3|||12.6|||16.3|||9|||8.2||||||||20|40|60||||0|0.25|0.5||||1.2|1.45|1.7|||||1.82|||0|0.21|0.42|0.1|0.14|0.18|||||29.3|||21.1|||41||6|7.5|8.9|32|51|69|14|29|44|0|17|47|".20"|".20"||0|||0||0|0|0|0|0|0||||20|30|40|2|11|20|3.6|4.6|5.5|||||||||||||||||||||||||||||||||"22703695"|"67122024"
"H4"||"H"||4||102|||130|||28||0|0|0|0|0|0|100|100|100|95|97.5|100|70|82.5|95|40|60|80||36.9|||0|||0.1|||0.8|||7.6|||28.4|||42.1||||||||12|21|30||||0|0.25|0.5||||1.4|1.5|1.6|||||1.57|||1.41|2.82|4.23|0.08|0.09|0.1|||||27.8|||12.8|||41||0|1.5|2.9|22|30|39|7|14|21|0|5|15|".55"|".55"||0|||0||0|0|0|0|0|0||||3.6|7.4|15.1|1|3|5|4.5|5.3|6|||||||||||||||||||||||||||||||||"22703699"|"67122025"
"H5"||"H"||5||130|||153|||23||0|0|0|0|0|0|100|100|100|95|97.5|100|60|72.5|85|30|55|80||38|||0|||0.1|||0.8|||7.8|||29.3|||43.5||||||||10|18.5|27||||0|0.25|0.5||||1.4|1.5|1.6|||||1.57|||4.23|9.17|14.11|0.1|0.13|0.15|||||26.7|||11.3|||41||0|1.5|2.9|20|28|36|6|12|19|0|3|13|".55"|".55"||0|||0||0|0|0|0|0|0||||2.9|6.4|13.4|1|3|5|4.5|5.3|6|||||||||||||||||||||||||||||||||"22703699"|"67122026"
"H3"||"H"||3||76|||102|||26||0|0|0|0|0|0|100|100|100|100|100|100|90|95|100|70|80|90||6.9|||0|||0|||0.2|||1.9|||4.8|||68.1||||||||20|25|30||||0|0.25|0.5||||1.4|1.5|1.6|||||1.57|||1.41|2.82|4.23|0.08|0.09|0.1|||||30|||15.3|||41||0|1.5|2.9|29|34|39|13|17|21|6|12|18|".49"|".49"||0|||0||0|0|0|0|0|0||||6.4|9|15.1|1|3|5|4.5|5.3|6|||||||||||||||||||||||||||||||||"22703699"|"67122029"
"H1"||"H"||1||0|||15|||15||0|0|0|0|0|0|100|100|100|100|100|100|100|100|100|85|92.5|100||21.6|||0.1|||0.4|||1.3|||6|||13.8|||69.9||||||||5|8.5|12||||0.5|1.75|3||||1.3|1.35|1.4|||||1.41|||4.23|9.17|14.11|0.2|0.21|0.22|||||22.6|||6.9|||46||0|1.5|2.9|17|24|30|2|5|7|0|3|7|".49"|".49"||0|||0||0|0|0|0|0|0||||1.1|2.1|3.6|1|3|5|4.5|5.3|6|||||||||||||||||||||||||||||||||"22703699"|"67122027"
"H2"||"H"||2||15|||76|||61||0|0|0|0|0|0|100|100|100|100|100|100|95|97.5|100|85|92.5|100||7|||0|||0|||0.2|||1.9|||4.9|||69||||||||18|24|30||||0|0.25|0.5||||1.4|1.45|1.5|||||1.52|||4.23|9.17|14.11|0.2|0.21|0.22|||||29.2|||14.2|||43||0|1.5|2.9|27|33|39|12|16|21|8|14|22|".49"|".49"||0|||0||0|0|0|0|0|0||||5.7|8.6|15.1|1|3|5|4.5|5.3|6|||||||||||||||||||||||||||||||||"22703699"|"67122028"
"C"||"C"|||138|155|165|170|190|203|32|35|38|0|0|0|0|0|0|100|100|100|100|100|100|90|95|100|80|87.5|95||61.3|||0|||0.1|||2.2|||23.6|||35.4|||22.7||||||||10|16|22||||0|0.25|0.5||||1.3|1.5|1.7|||||1.57|||4.23|9.17|14.11|0.18|0.2|0.22|||||20.8|||11.4|||41||0.6|1.4|2.3|20|27|33|6|10|15|1|7|13|".49"|".49"|0|0|0|0|0|0|0|0|0|0|0.3|2|4|9.5|15||||1|7|14|4.5|5.9|7.3||||||||||0|4.4|9.8|||||||||||||||||||||"22703711"|"67122046"
"Ap"||"A"|||0|0|0|10|20|25|10|20|25|0|0|0|0|0|0|100|100|100|100|100|100|90|95|100|60|77.5|95||14.2|||0.1|||0.4|||1|||4.1|||8.6|||71.8||||||||10|14|18||||0.5|2.25|4||||1.3|1.48|1.65|||||1.55|||4.23|9.17|14.11|0.18|0.2|0.22|||||27|||11.4|||41||0.8|1.2|1.6|21|29|37|6|9|12|0|5|12|".43"|".43"|0|0|0|0|0|0|0|0|0|0|0.3|2|6|8|10|6|8|10|1|6|12|4.5|5.3|6||||||||||0.5|6.9|13.7|||||||||||||||||||||"22703711"|"67122047"
"Bt"||"B"|||10|20|25|138|155|165|128|135|140|0|0|0|0|0|0|100|100|100|100|100|100|90|95|100|80|87.5|95||14.2|||0.1|||0.4|||1|||4.1|||8.6|||71.8||||||||10|14|18||||0|0.25|0.5||||1.3|1.5|1.7|||||1.57|||4.23|9.17|14.11|0.18|0.2|0.22|||||24.6|||8.8|||41||0.6|1.4|2.3|20|25|30|6|9|12|1|5|10|".55"|".55"|0|0|0|0|0|0|0|0|0|0|0.3|2|4|12|20|5|7|10|2|10|18|4.5|5.5|6.5||||||||||1.3|6.1|10.8|||||||||||||||||||||"22703711"|"67122045"
"H1"||"H"||1||0|||13|||13||0|0|0|0|0|0|100|100|100|100|100|100|100|100|100|95|97.5|100|0.5|1.8|3||0.1|||0.1|||0.2|||0.6|||0.8|||48.2||||||||40|50|60||||0.5|2.25|4||||1.2|1.35|1.5|||||1.68|||0|0.21|0.42|0.15|0.17|0.19|||||34.3|||29.1|||46||6|7.5|8.9|50|63|76|29|36|43|30|41|52|".28"|".28"||0|||0||0|0|0|0|0|0|20|30|40|20|30|40|7|18|32|4.5|5.3|6|||||||||||||||||||||||||||||||||"22703763"|"67122111"
"H3"||"H"||3||56|||153|||97||0|0|0|0|0|0|100|100|100|100|100|100|100|100|100|80|90|100||20.9|||1.5|||2.2|||2|||6.5|||8.7|||54.6||||||||10|24.5|39||||0|0.25|0.5||||1.3|1.5|1.7|||||1.57|||1.41|7.76|14.11|0.2|0.22|0.23|||||29.8|||15|||41||0|1.5|2.9|20|34|48|6|17|28|1|14|30|".43"|".43"||0|||0||0|0|0|0|0|0|5|15|25||||3|12|24|5.1|6.2|7.3|||||||||||||||||||||||||||||||||"22703763"|"67122113"
"H2"||"H"||2||13|||56|||43||0|0|0|0|0|0|100|100|100|100|100|100|100|100|100|95|97.5|100||22.1|||3|||3.5|||4.1|||6.2|||5.3|||27.9||||||||40|50|60||||0.5|0.75|1||||1.2|1.35|1.5|||||1.7|||0|0.21|0.42|0.15|0.17|0.19|||||40|||27.5|||46||9|17|25|52|66|80|29|38|46|30|43|56|".24"|".24"||0|||0||0|0|0|0|0|0|20|30|40|20|30|40|7|18|32|4.5|5.3|6|||||||||||||||||||||||||||||||||"22703763"|"67122112"
